#ifndef AB_DUMMY_MATRIX_H
#define AB_DUMMY_MATRIX_H
static const float __DUMMY_MATRIX[][21]={
{ 0.0214976, 0.00234702, 0.00194932, 0.00216748, 0.00159034, 0.00192426, 0.00298791, 0.00581585, 0.00110766, 0.00318807, 0.00441863, 0.00334666, 0.00134121, 0.00163606, 0.0021569, 0.0062525, 0.00371805, 0.000402817, 0.0013, 0.00506791, 0},
{ 0.00234702, 0.0177575, 0.0019786, 0.00158655, 0.000393658, 0.00248586, 0.00269339, 0.00172211, 0.00124074, 0.00124359, 0.0024194, 0.00623391, 0.000803097, 0.00093182, 0.00095783, 0.00226609, 0.00178028, 0.000265722, 0.000926346, 0.00158102, 0},
{ 0.00194932, 0.0019786, 0.0141403, 0.0037202, 0.000438455, 0.00153044, 0.00220972, 0.00285919, 0.00143011, 0.000994371, 0.00136909, 0.00244021, 0.000529437, 0.000750041, 0.000860166, 0.0031466, 0.00223608, 0.000161596, 0.000700484, 0.0012014, 0},
{ 0.00216748, 0.00158655, 0.0037202, 0.0212746, 0.000399092, 0.00164812, 0.0049158, 0.00252211, 0.000953849, 0.00123474, 0.0015202, 0.00244531, 0.000464293, 0.000760238, 0.00123733, 0.00280351, 0.00189615, 0.000162182, 0.000598422, 0.00131584, 0},
{ 0.00159034, 0.000393658, 0.000438455, 0.000399092, 0.0119314, 0.00030937, 0.000383388, 0.000769521, 0.000229762, 0.00109566, 0.0015683, 0.000501251, 0.000377171, 0.000513901, 0.000361118, 0.00104326, 0.000930415, 0.000144748, 0.000346036, 0.00136066, 0},
{ 0.00192426, 0.00248586, 0.00153044, 0.00164812, 0.00030937, 0.00732922, 0.00353858, 0.0013683, 0.0010489, 0.000891028, 0.00161744, 0.00309682, 0.000739931, 0.000542552, 0.000846681, 0.00189311, 0.00137969, 0.000227378, 0.000675842, 0.0011661, 0},
{ 0.00298791, 0.00269339, 0.00220972, 0.0049158, 0.000383388, 0.00353858, 0.0161339, 0.00193809, 0.00136679, 0.00121921, 0.00200303, 0.00413226, 0.000679097, 0.000851794, 0.00142162, 0.00295392, 0.00204931, 0.000264887, 0.00087044, 0.00169878, 0},
{ 0.00581585, 0.00172211, 0.00285919, 0.00252211, 0.000769521, 0.0013683, 0.00193809, 0.0378043, 0.000958135, 0.00138491, 0.00208647, 0.00253925, 0.000732815, 0.00119767, 0.00136412, 0.00383428, 0.00218584, 0.000407408, 0.000834673, 0.00182182, 0},
{ 0.00110766, 0.00124074, 0.00143011, 0.000953849, 0.000229762, 0.0010489, 0.00136679, 0.000958135, 0.00928025, 0.000580895, 0.000986967, 0.00118736, 0.000382646, 0.000810409, 0.000477701, 0.0011052, 0.000743716, 0.000151679, 0.00152138, 0.000648829, 0},
{ 0.00318807, 0.00124359, 0.000994371, 0.00123474, 0.00109566, 0.000891028, 0.00121921, 0.00138491, 0.000580895, 0.0184415, 0.0113825, 0.00156559, 0.00250813, 0.00304589, 0.00100682, 0.00172251, 0.00269536, 0.000361837, 0.00138211, 0.0119727, 0},
{ 0.00441863, 0.0024194, 0.00136909, 0.0015202, 0.0015683, 0.00161744, 0.00200303, 0.00208647, 0.000986967, 0.0113825, 0.0371415, 0.00246343, 0.00492936, 0.00541513, 0.00141461, 0.00242771, 0.0033238, 0.000732065, 0.00220967, 0.00947863, 0},
{ 0.00334666, 0.00623391, 0.00244021, 0.00244531, 0.000501251, 0.00309682, 0.00413226, 0.00253925, 0.00118736, 0.00156559, 0.00246343, 0.0161134, 0.000908767, 0.000948752, 0.0015773, 0.00310161, 0.0023467, 0.000271986, 0.000999087, 0.00193604, 0},
{ 0.00134121, 0.000803097, 0.000529437, 0.000464293, 0.000377171, 0.000739931, 0.000679097, 0.000732815, 0.000382646, 0.00250813, 0.00492936, 0.000908767, 0.00404773, 0.00119018, 0.000408243, 0.000856036, 0.00100955, 0.000198727, 0.000571452, 0.00231234, 0},
{ 0.00163606, 0.00093182, 0.000750041, 0.000760238, 0.000513901, 0.000542552, 0.000851794, 0.00119767, 0.000810409, 0.00304589, 0.00541513, 0.000948752, 0.00119018, 0.0182777, 0.000525279, 0.00119396, 0.00116242, 0.000849173, 0.0042392, 0.0025763, 0},
{ 0.0021569, 0.00095783, 0.000860166, 0.00123733, 0.000361118, 0.000846681, 0.00142162, 0.00136412, 0.000477701, 0.00100682, 0.00141461, 0.0015773, 0.000408243, 0.000525279, 0.019066, 0.00166626, 0.0013511, 0.000141522, 0.000452245, 0.00124513, 0},
{ 0.0062525, 0.00226609, 0.0031466, 0.00280351, 0.00104326, 0.00189311, 0.00295392, 0.00383428, 0.0011052, 0.00172251, 0.00242771, 0.00310161, 0.000856036, 0.00119396, 0.00166626, 0.0125859, 0.00470048, 0.000287317, 0.00102999, 0.00235873, 0},
{ 0.00371805, 0.00178028, 0.00223608, 0.00189615, 0.000930415, 0.00137969, 0.00204931, 0.00218584, 0.000743716, 0.00269536, 0.0033238, 0.0023467, 0.00100955, 0.00116242, 0.0013511, 0.00470048, 0.0125148, 0.000285756, 0.000941612, 0.00364023, 0},
{ 0.000402817, 0.000265722, 0.000161596, 0.000162182, 0.000144748, 0.000227378, 0.000264887, 0.000407408, 0.000151679, 0.000361837, 0.000732065, 0.000271986, 0.000198727, 0.000849173, 0.000141522, 0.000287317, 0.000285756, 0.00646993, 0.000887441, 0.000355784, 0},
{ 0.0013, 0.000926346, 0.000700484, 0.000598422, 0.000346036, 0.000675842, 0.00087044, 0.000834673, 0.00152138, 0.00138211, 0.00220967, 0.000999087, 0.000571452, 0.0042392, 0.000452245, 0.00102999, 0.000941612, 0.000887441, 0.0102461, 0.00154898, 0},
{ 0.00506791, 0.00158102, 0.0012014, 0.00131584, 0.00136066, 0.0011661, 0.00169878, 0.00182182, 0.000648829, 0.0119727, 0.00947863, 0.00193604, 0.00231234, 0.0025763, 0.00124513, 0.00235873, 0.00364023, 0.000355784, 0.00154898, 0.0196319, 0},
{ 0, 0, 0, 0, 0, 0, 0, 0, 0, 0, 0, 0, 0, 0, 0, 0, 0, 0, 0, 0, 0}};

static const char __DUMMY_I2AA[] = {'A','R','N','D','C','Q','E','G','H','I','L','K','M','F','P','S','T','W','Y','V','X'};
static const float __DUMMY_P_BACKGROUND[] = {0.0742162, 0.0516145, 0.0446458, 0.053626, 0.0246875, 0.0342596, 0.0543119, 0.0741469, 0.026213, 0.0679174, 0.0989079, 0.0581557, 0.0249902, 0.0474185, 0.038538, 0.057229, 0.0508914, 0.01303, 0.0322815, 0.0729191, 0};
static const float __DUMMY_SCALE=0.5;
#endif
