// Calculate rate matrix for FRcons/FRtrace functional residue prediction

#include <iostream>   // cin, cout, cerr
#include <fstream>    // ofstream, ifstream 
#include <cstdio>     // printf
#include <stdlib.h>   // exit
#include <string>     // strcmp, strstr
#include <math.h>     // sqrt, pow
#include <limits.h>   // INT_MIN
#include <float.h>    // FLT_MIN

using std::cout;
using std::cerr;
using std::endl;

// substitution matrix flavours
float P[21][21];      // P[a][b] = combined probability for a aligned to b
float R[21][21];      // R[a][b]=P[a][b]/p[b]=P(a|b); precalculated for pseudocounts
float Sim[21][21];    // Similarity matrix Sim[a][b]: how similar are a and b?
float pb[21];         // pb[a] = background amino acid probabilities for chosen substitution matrix
float Rtr[21][21];    // R[a][b]=P[a][b]/p[b]=P(a|b); precalculated for pseudocounts
char matrix=65;       // use Blosum65
int v=5;              // verbose mode

// The following background frequencies were calculated by the formula pa = (P[a,b]/(pa*pb))^(-1) * (1,...,1)
// For the Blousum50-matrix this becomes  pb[a]= SUM_(b=1,20) (2^(BLOSUM50[a,b]/3))^(-1) 
//                     A    R    N    D    C    Q    E    G    H    I    L     K    M    F    P    S    T    W    Y    V 
// Gonnet            7.68,5.14,4.02,5.41,1.89,3.27,5.99,7.56,3.69,5.06,10.01,5.97,2.20,3.50,4.54,4.67,7.12,1.25,3.95,7.28
// BLOSUM50          8.24,6.24,4.46,4.77,2.03,2.90,6.78,6.69,2.53,6.89,10.7 ,5.04,1.49,4.93,3.97,5.95,6.13,1.34,3.45,6.28

const float Gonnet[]={
//  A     R     N     D     C     Q     E     G     H     I     L     K     M     F     P     S     T     W     Y     V 
 10227, 3430, 2875, 3869, 1625, 2393, 4590, 6500, 2352, 3225, 5819, 4172, 1435, 1579, 3728, 4610, 6264,  418, 1824, 5709, // A
  3430, 7780, 2209, 2589,  584, 2369, 3368, 3080, 2173, 1493, 3093, 5701,  763,  859, 1893, 2287, 3487,  444, 1338, 2356, // R 
  2875, 2209, 3868, 3601,  501, 1541, 2956, 3325, 1951, 1065, 2012, 2879,  532,  688, 1480, 2304, 3204,  219, 1148, 1759, // N
  3869, 2589, 3601, 8618,  488, 2172, 6021, 4176, 2184, 1139, 2151, 3616,  595,  670, 2086, 2828, 3843,  204, 1119, 2015, // D
  1625,  584,  501,  488, 5034,  355,  566,  900,  516,  741, 1336,  591,  337,  549,  419,  901, 1197,  187,  664, 1373, // C
  2393, 2369, 1541, 2172,  355, 1987, 2891, 1959, 1587, 1066, 2260, 2751,  570,  628, 1415, 1595, 2323,  219,  871, 1682, // Q
  4590, 3368, 2956, 6021,  566, 2891, 8201, 3758, 2418, 1624, 3140, 4704,  830,  852, 2418, 2923, 4159,  278, 1268, 2809, // E
  6500, 3080, 3325, 4176,  900, 1959, 3758,26066, 2016, 1354, 2741, 3496,  741,  797, 2369, 3863, 4169,  375, 1186, 2569, // G
  2352, 2173, 1951, 2184,  516, 1587, 2418, 2016, 5409, 1123, 2380, 2524,  600, 1259, 1298, 1642, 2446,  383,  876, 1691, // H
  3225, 1493, 1065, 1139,  741, 1066, 1624, 1354, 1123, 6417, 9630, 1858, 1975, 2225, 1260, 1558, 3131,  417, 1697, 7504, // I
  5819, 3093, 2012, 2151, 1336, 2260, 3140, 2741, 2380, 9630,25113, 3677, 4187, 5540, 2670, 2876, 5272, 1063, 3945,11005, // L
  4172, 5701, 2879, 3616,  591, 2751, 4704, 3496, 2524, 1858, 3677, 7430,  949,  975, 2355, 2847, 4340,  333, 1451, 2932, // K
  1435,  763,  532,  595,  337,  570,  830,  741,  600, 1975, 4187,  949, 1300, 1111,  573,  743, 1361,  218,  828, 2310, // M
  1579,  859,  688,  670,  549,  628,  852,  797, 1259, 2225, 5540,  975, 1111, 6126,  661,  856, 1498, 1000, 4464, 2602, // F
  3728, 1893, 1480, 2086,  419, 1415, 2418, 2369, 1298, 1260, 2670, 2355,  573,  661,11834, 2320, 3300,  179,  876, 2179, // P
  4610, 2287, 2304, 2828,  901, 1595, 2923, 3863, 1642, 1558, 2876, 2847,  743,  856, 2320, 3611, 4686,  272, 1188, 2695, // S
  6264, 3487, 3204, 3843, 1197, 2323, 4159, 4169, 2446, 3131, 5272, 4340, 1361, 1498, 3300, 4686, 8995,  397, 1812, 5172, // T
   418,  444,  219,  204,  187,  219,  278,  375,  383,  417, 1063,  333,  218, 1000,  179,  272,  397, 4101, 1266,  499, // W
  1824, 1338, 1148, 1119,  664,  871, 1268, 1186,  876, 1697, 3945, 1451,  828, 4464,  876, 1188, 1812, 1266, 9380, 2227, // Y
  5709, 2356, 1759, 2015, 1373, 1682, 2809, 2569, 1691, 7504,11005, 2932, 2310, 2602, 2179, 2695, 5172,  499, 2227,11569};// V

const float Blosum30[]= {
//    A      R      N      D      C      Q      E      G      H      I      L      K      M      F      P      S      T      W      Y      V 
  0.0096,
  0.0038,0.0109,
  0.0031,0.0019,0.0055,
  0.0043,0.0026,0.0027,0.0095,
  0.0014,0.0011,0.0010,0.0010,0.0070,
  0.0031,0.0031,0.0014,0.0018,0.0007,0.0039,
  0.0044,0.0031,0.0024,0.0037,0.0018,0.0028,0.0094,
  0.0052,0.0032,0.0032,0.0035,0.0011,0.0020,0.0035,0.0173,
  0.0016,0.0014,0.0011,0.0011,0.0004,0.0010,0.0018,0.0015,0.0060,
  0.0040,0.0022,0.0024,0.0018,0.0012,0.0016,0.0023,0.0036,0.0012,0.0072,
  0.0056,0.0039,0.0032,0.0043,0.0023,0.0027,0.0051,0.0051,0.0022,0.0066,0.0139,
  0.0044,0.0043,0.0027,0.0032,0.0010,0.0021,0.0053,0.0039,0.0013,0.0026,0.0044,0.0063,
  0.0018,0.0012,0.0009,0.0008,0.0004,0.0007,0.0012,0.0013,0.0008,0.0014,0.0027,0.0017,0.0012,
  0.0027,0.0023,0.0017,0.0011,0.0008,0.0010,0.0016,0.0022,0.0008,0.0027,0.0055,0.0023,0.0008,0.0077,
  0.0028,0.0021,0.0012,0.0021,0.0007,0.0015,0.0030,0.0030,0.0014,0.0017,0.0027,0.0029,0.0005,0.0011,0.0091,
  0.0056,0.0035,0.0028,0.0034,0.0013,0.0021,0.0038,0.0051,0.0017,0.0033,0.0047,0.0042,0.0010,0.0027,0.0024,0.0075,
  0.0040,0.0019,0.0024,0.0024,0.0009,0.0016,0.0023,0.0028,0.0010,0.0027,0.0046,0.0025,0.0010,0.0016,0.0020,0.0041,0.0046,
  0.0005,0.0007,0.0002,0.0004,0.0003,0.0004,0.0007,0.0011,0.0002,0.0005,0.0009,0.0006,0.0002,0.0007,0.0004,0.0005,0.0003,0.0027,
  0.0014,0.0022,0.0008,0.0015,0.0004,0.0011,0.0016,0.0016,0.0010,0.0018,0.0045,0.0017,0.0007,0.0024,0.0011,0.0017,0.0014,0.0009,0.0044,
  0.0056,0.0031,0.0022,0.0027,0.0012,0.0015,0.0026,0.0033,0.0012,0.0063,0.0074,0.0030,0.0015,0.0032,0.0017,0.0036,0.0036,0.0005,0.0024,0.0083};

const float Blosum40[]= {
//    A      R      N      D      C      Q      E      G      H      I      L      K      M      F      P      S      T      W      Y      V 
  0.0148,
  0.0029,0.0109,
  0.0029,0.0019,0.0069,
  0.0032,0.0021,0.0031,0.0126,
  0.0015,0.0007,0.0007,0.0009,0.0093,
  0.0026,0.0024,0.0017,0.0016,0.0004,0.0048,
  0.0040,0.0026,0.0023,0.0048,0.0010,0.0032,0.0118,
  0.0066,0.0023,0.0035,0.0031,0.0012,0.0020,0.0028,0.0260,
  0.0014,0.0012,0.0013,0.0014,0.0003,0.0010,0.0015,0.0014,0.0060,
  0.0037,0.0017,0.0017,0.0016,0.0008,0.0012,0.0018,0.0024,0.0009,0.0105,
  0.0050,0.0030,0.0021,0.0027,0.0015,0.0023,0.0036,0.0034,0.0017,0.0082,0.0209,
  0.0041,0.0051,0.0027,0.0030,0.0010,0.0026,0.0045,0.0035,0.0013,0.0023,0.0037,0.0099,
  0.0017,0.0010,0.0007,0.0007,0.0003,0.0007,0.0010,0.0013,0.0007,0.0018,0.0037,0.0012,0.0018,
  0.0022,0.0016,0.0013,0.0013,0.0008,0.0008,0.0015,0.0021,0.0009,0.0031,0.0055,0.0018,0.0011,0.0105,
  0.0027,0.0014,0.0014,0.0019,0.0005,0.0013,0.0026,0.0028,0.0008,0.0020,0.0021,0.0023,0.0007,0.0010,0.0151,
  0.0060,0.0025,0.0030,0.0030,0.0013,0.0026,0.0034,0.0052,0.0013,0.0025,0.0034,0.0034,0.0011,0.0019,0.0022,0.0089,
  0.0040,0.0019,0.0022,0.0024,0.0011,0.0015,0.0025,0.0029,0.0009,0.0028,0.0039,0.0029,0.0011,0.0019,0.0022,0.0043,0.0070,
  0.0007,0.0005,0.0003,0.0003,0.0001,0.0004,0.0005,0.0008,0.0002,0.0005,0.0009,0.0005,0.0002,0.0008,0.0003,0.0004,0.0003,0.0045,
  0.0019,0.0016,0.0010,0.0011,0.0004,0.0010,0.0014,0.0017,0.0012,0.0020,0.0031,0.0017,0.0010,0.0032,0.0009,0.0015,0.0014,0.0008,0.0060,
  0.0054,0.0023,0.0017,0.0022,0.0012,0.0014,0.0025,0.0028,0.0008,0.0083,0.0082,0.0027,0.0018,0.0031,0.0018,0.0032,0.0040,0.0005,0.0020,0.0113};
 
const float Blosum50[]= {
//    A      R      N      D      C      Q      E      G      H      I      L      K      M      F      P      S      T      W      Y      V 
  0.0192,
  0.0027,0.0152,
  0.0024,0.0020,0.0101,
  0.0026,0.0019,0.0035,0.0161,
  0.0015,0.0005,0.0006,0.0005,0.0091,
  0.0022,0.0025,0.0016,0.0017,0.0004,0.0057,
  0.0034,0.0029,0.0023,0.0048,0.0006,0.0033,0.0141,
  0.0062,0.0020,0.0031,0.0028,0.0009,0.0017,0.0023,0.0316,
  0.0012,0.0013,0.0015,0.0011,0.0003,0.0010,0.0013,0.0011,0.0064,
  0.0035,0.0015,0.0013,0.0012,0.0008,0.0011,0.0015,0.0018,0.0007,0.0140,
  0.0048,0.0028,0.0017,0.0018,0.0014,0.0019,0.0026,0.0027,0.0013,0.0104,0.0304,
  0.0033,0.0064,0.0027,0.0026,0.0006,0.0029,0.0043,0.0028,0.0014,0.0017,0.0027,0.0130,
  0.0016,0.0009,0.0007,0.0005,0.0004,0.0008,0.0008,0.0009,0.0005,0.0022,0.0042,0.0010,0.0029,
  0.0020,0.0012,0.0009,0.0008,0.0006,0.0007,0.0012,0.0015,0.0009,0.0030,0.0058,0.0012,0.0012,0.0154,
  0.0022,0.0011,0.0011,0.0015,0.0004,0.0011,0.0019,0.0019,0.0006,0.0013,0.0017,0.0018,0.0005,0.0007,0.0171,
  0.0062,0.0025,0.0032,0.0028,0.0011,0.0022,0.0030,0.0044,0.0012,0.0021,0.0029,0.0031,0.0010,0.0016,0.0018,0.0111,
  0.0039,0.0021,0.0026,0.0022,0.0010,0.0015,0.0024,0.0025,0.0009,0.0029,0.0038,0.0026,0.0011,0.0015,0.0016,0.0047,0.0100,
  0.0005,0.0004,0.0002,0.0002,0.0001,0.0003,0.0004,0.0005,0.0002,0.0005,0.0008,0.0004,0.0003,0.0009,0.0002,0.0003,0.0004,0.0059,
  0.0015,0.0013,0.0009,0.0009,0.0004,0.0009,0.0012,0.0012,0.0013,0.0018,0.0027,0.0013,0.0007,0.0039,0.0006,0.0013,0.0012,0.0008,0.0077,
  0.0054,0.0020,0.0015,0.0016,0.0013,0.0014,0.0020,0.0022,0.0007,0.0107,0.0092,0.0022,0.0021,0.0030,0.0016,0.0029,0.0041,0.0005,0.0018,0.0164};

const float Blosum65[]= {
//  A      R      N      D      C      Q      E      G      H      I      L      K      M      F      P      S      T      W      Y      V
  0.0222,
  0.0022,0.0181,
  0.0019,0.0019,0.0148,
  0.0021,0.0015,0.0037,0.0225,
  0.0016,0.0004,0.0004,0.0004,0.0127,
  0.0018,0.0024,0.0015,0.0016,0.0003,0.0076,
  0.0029,0.0025,0.0021,0.0049,0.0003,0.0034,0.0168,
  0.0057,0.0016,0.0027,0.0024,0.0007,0.0013,0.0018,0.0396,
  0.0010,0.0013,0.0014,0.0009,0.0002,0.0010,0.0013,0.0009,0.0096,
  0.0031,0.0012,0.0009,0.0011,0.0012,0.0008,0.0012,0.0013,0.0006,0.0191,
  0.0043,0.0023,0.0013,0.0014,0.0016,0.0016,0.0019,0.0020,0.0009,0.0115,0.0388,
  0.0032,0.0062,0.0024,0.0024,0.0005,0.0030,0.0040,0.0024,0.0012,0.0015,0.0024,0.0166,
  0.0013,0.0007,0.0005,0.0004,0.0004,0.0007,0.0006,0.0007,0.0003,0.0025,0.0052,0.0008,0.0045,
  0.0016,0.0009,0.0007,0.0007,0.0005,0.0005,0.0008,0.0011,0.0008,0.0030,0.0056,0.0009,0.0012,0.0186,
  0.0021,0.0009,0.0008,0.0011,0.0003,0.0008,0.0014,0.0013,0.0005,0.0009,0.0013,0.0015,0.0004,0.0005,0.0195,
  0.0065,0.0022,0.0030,0.0027,0.0011,0.0018,0.0029,0.0037,0.0011,0.0017,0.0024,0.0030,0.0008,0.0012,0.0016,0.0137,
  0.0037,0.0017,0.0022,0.0019,0.0009,0.0013,0.0021,0.0022,0.0007,0.0027,0.0033,0.0023,0.0010,0.0012,0.0013,0.0048,0.0133,
  0.0004,0.0003,0.0002,0.0001,0.0002,0.0002,0.0002,0.0004,0.0002,0.0004,0.0007,0.0003,0.0002,0.0009,0.0001,0.0003,0.0003,0.0074,
  0.0013,0.0009,0.0007,0.0006,0.0004,0.0006,0.0008,0.0008,0.0016,0.0015,0.0023,0.0010,0.0006,0.0043,0.0004,0.0010,0.0009,0.0010,0.0113,
  0.0049,0.0015,0.0011,0.0012,0.0014,0.0011,0.0016,0.0017,0.0006,0.0120,0.0094,0.0019,0.0023,0.0025,0.0012,0.0023,0.0035,0.0004,0.0015,0.0206};


const float Blosum80[]= {
//  A      R      N      D      C      Q      E      G      H      I      L      K      M      F      P      S      T      W      Y      V
  0.0252,
  0.0020,0.0210,
  0.0016,0.0017,0.0166,
  0.0018,0.0013,0.0037,0.0262,
  0.0015,0.0003,0.0004,0.0003,0.0172,
  0.0017,0.0024,0.0014,0.0014,0.0003,0.0094,
  0.0028,0.0023,0.0019,0.0048,0.0003,0.0035,0.0208,
  0.0053,0.0015,0.0025,0.0022,0.0006,0.0011,0.0017,0.0463,
  0.0009,0.0012,0.0012,0.0008,0.0002,0.0011,0.0012,0.0008,0.0104,
  0.0027,0.0010,0.0007,0.0008,0.0011,0.0007,0.0010,0.0009,0.0004,0.0220,
  0.0036,0.0018,0.0011,0.0011,0.0014,0.0014,0.0015,0.0016,0.0008,0.0111,0.0442,
  0.0029,0.0061,0.0022,0.0020,0.0004,0.0028,0.0036,0.0020,0.0010,0.0012,0.0019,0.0190,
  0.0011,0.0006,0.0004,0.0003,0.0004,0.0007,0.0006,0.0005,0.0003,0.0025,0.0052,0.0007,0.0053,
  0.0014,0.0007,0.0006,0.0006,0.0005,0.0005,0.0006,0.0009,0.0007,0.0027,0.0052,0.0007,0.0010,0.0211,
  0.0021,0.0009,0.0007,0.0009,0.0003,0.0007,0.0012,0.0010,0.0004,0.0007,0.0012,0.0012,0.0003,0.0004,0.0221,
  0.0064,0.0020,0.0029,0.0024,0.0010,0.0017,0.0026,0.0034,0.0010,0.0015,0.0021,0.0026,0.0007,0.0010,0.0014,0.0167,
  0.0036,0.0015,0.0020,0.0016,0.0009,0.0012,0.0019,0.0019,0.0007,0.0024,0.0028,0.0020,0.0009,0.0011,0.0011,0.0048,0.0156,
  0.0003,0.0002,0.0001,0.0001,0.0001,0.0002,0.0002,0.0003,0.0001,0.0003,0.0006,0.0002,0.0002,0.0007,0.0001,0.0002,0.0002,0.0087,
  0.0011,0.0007,0.0006,0.0005,0.0003,0.0005,0.0006,0.0006,0.0016,0.0013,0.0020,0.0008,0.0005,0.0046,0.0003,0.0009,0.0008,0.0010,0.0148,
  0.0046,0.0013,0.0009,0.0010,0.0013,0.0010,0.0015,0.0014,0.0005,0.0123,0.0089,0.0015,0.0022,0.0022,0.0010,0.0021,0.0033,0.0004,0.0012,0.0246};

/////////////////////////////////////////////////////////////////////////////////////
// Transforms integers between 0 and 22 into the one-letter amino acid code
/////////////////////////////////////////////////////////////////////////////////////
inline char i2aa(char c)
{
  //A  R  N  D  C  Q  E  G  H  I  L  K  M  F  P  S  T  W  Y  V
  switch (c)
    {
    case 0: return 'A';
    case 1: return 'R';
    case 2: return 'N';
    case 3: return 'D';
    case 4: return 'C';
    case 5: return 'Q';
    case 6: return 'E';
    case 7: return 'G';
    case 8: return 'H';
    case 9: return 'I';
    case 10: return 'L';
    case 11: return 'K';
    case 12: return 'M';
    case 13: return 'F';
    case 14: return 'P';
    case 15: return 'S';
    case 16: return 'T';
    case 17: return 'W';
    case 18: return 'Y';
    case 19: return 'V';
    case 20: return 'X';
    case 21: return '-';
    case 22: return '-';
    }
  return '?';
}

// // FRcons function
// float FRcons(int b, float Rtrb[], float x) 
// {
//   float numerator=0.0;
//   float denominator=0.0;
//   float Rpc[20];
//   int a;
//   for (a=0; a<20; ++a) Rpc[a] = x*Rtrb[a];
//   Rpc[b] += (1-x); 
//   for (a=0; a<20; ++a) numerator += Rpc[a]*Rpc[a]/pb[a];
//   for (a=0; a<20; ++a) denominator += Rpc[a]/pb[a];
//   return log(numerator)/log(denominator);
// }

// FRcons function
float FRcons(int b, float Rtrb[], float x) 
{
  float numerator=0.0;
  float denominator=0.0;
  float Rpc[20];
  int a;
  if (x<=0) x=1E-4;
  for (a=0; a<20; ++a) Rpc[a] = x*Rtrb[a];
  Rpc[b] += (1-x); 
  for (a=0; a<20; ++a) numerator += Rpc[a]*log(Rpc[a]);
  for (a=0; a<20; ++a) denominator += Rpc[a]*log(pb[a]);
  return 1-numerator/denominator;
}



/////////////////////////////////////////////////////////////////////////////////////
// 
/////////////////////////////////////////////////////////////////////////////////////
void SetBlosumMatrix(const float BlosumXX[])
{
  int a,b,n=0;
  if (v>=3) printf("Using the BLOSUM%2i matrix",matrix);
  for (a=0; a<20; ++a)
    for (b=0; b<=a; ++b,++n)
      P[a][b] = P[b][a] = BlosumXX[n];
  for (a=0; a<20; ++a) P[a][20]=P[20][a]=1.0f;
  return;
}

/////////////////////////////////////////////////////////////////////////////////////
// Set (global variable) substitution matrix with derived matrices and background frequencies
/////////////////////////////////////////////////////////////////////////////////////
void SetSubstitutionMatrix()
{
  int a,b;
  switch (matrix)
    {
    default:
    case 0:  //Gonnet matrix
      if (v>=3) cout<<"Using the Gonnet matrix ";
      for (a=0; a<20; ++a)
	for (b=0; b<20; ++b)
	  P[a][b] = 0.000001f*Gonnet[a*20+b];
      for (a=0; a<20; ++a) P[a][20]=P[20][a]=1.0f;
      break;

    case 30:  //BLOSUM30
      SetBlosumMatrix(Blosum30);
      break;
    case 40:  //BLOSUM40
      SetBlosumMatrix(Blosum40);
      break;
    case 50:  //BLOSUM50
      SetBlosumMatrix(Blosum50);
      break;
    case 65:  //BLOSUM65
      SetBlosumMatrix(Blosum65);
      break;
    case 80:  //BLOSUM80
      SetBlosumMatrix(Blosum80);
      break;
   }
  
  // Check transition probability matrix, renormalize P and calculate pb[a]
  float sumab=0.0f;
  for (a=0; a<20; a++)
    for (b=0; b<20; ++b) sumab+=P[a][b];
  for (a=0; a<20; a++)
    for (b=0; b<20; ++b) P[a][b]/=sumab;
  for (a=0; a<20; a++)
    for (pb[a]=0.0f, b=0; b<20; ++b) pb[a]+=P[a][b];

  //Compute similarity matrix for amino acid pairs (for calculating consensus sequence)
  for (a=0; a<20; ++a)
    for (b=0; b<20; ++b)
      Sim[a][b] = P[a][b]*P[a][b]/P[a][a]/P[b][b];

  //Precompute matrix R for amino acid pseudocounts:
  for (a=0; a<20; ++a)
    for (b=0; b<20; ++b)   
      R[a][b] = P[a][b]/pb[b]; //R[a][b]=P(a|b)
  
  // EVALUATE sequence identity, and mutual information of substitution matrix
  if (v>=3)
    {
      float id=0.0f;
      float entropy=0.0f; 
      float entropy_pb=0.0f;
      float mut_info=0.0f;
      for (a=0; a<20; ++a) id+=P[a][a];
      for (a=0; a<20; ++a) entropy_pb-=pb[a]*log2(pb[a]);
      for (a=0; a<20; ++a) 
	  for (b=0; b<20; ++b) 
	    {
	      entropy-=P[a][b]*log2(R[a][b]);
	      mut_info += P[a][b]*log2(P[a][b]/pb[a]/pb[b]);
	    }
      
      printf(": sequence identity = %2.0f%%; entropy per column = %4.2f bits (out of %4.2f); mutual information = %4.2f bits\n",100*id,entropy,entropy_pb,mut_info);
    }

  //////////////////////////////////////////////////////////////////////////////////////////////
  // Calculate conditional prob matrix for FRcons
  const float EPS=1E-6;
  float alpha=0.0;

  // Copy matrix R[a][b] to Rtr[b][a]
  for (a=0; a<20; ++a)
    for (b=0; b<20; ++b)
      Rtr[b][a] = R[a][b];

  // Print maximum values of FRcons for each amino acid b
  if (v>=4) 
    {
      cout<<"\nFRcns A    R    N    D    C    Q    E    G    H    I    L    K    M    F    P    S    T    W    Y    V\n   ";
      for (b=0; b<20; ++b) 
	{
	  printf("%5.2f ",FRcons(b,Rtr[b],1));
	  if (FRcons(b,Rtr[b],1)>alpha) alpha=FRcons(b,Rtr[b],1)+EPS;
	}
      printf("\n");
    }

  // For each b: find x that minimizes FRcons-alpha
  for (b=0; b<20; ++b)
    {
      float x0=0;  // y0 = FRcons(x0) >= alpha >= FRcons(x1) = y1
      float x1=1;
      float y0=FRcons(b,Rtr[b],x0);
      float y1=FRcons(b,Rtr[b],x1);
      float xnew,ynew;
      while(1)
	{
//	  printf("%1c  x0=%6.4f  y0=%7.1g    x1=%6.4f y1=%7.1g\n",i2aa(b),x0,y0-alpha,x1,y1-alpha);
	  xnew = (x1-x0)/(y1-y0) * (alpha-y0) + x0;
	  ynew = FRcons(b,Rtr[b],xnew);
	  if (fabs(ynew-alpha)<EPS) break;
	  if (ynew>=alpha) {x0=xnew; y0=ynew;} else {x1=xnew; y1=ynew;}
	  if (x1-x0<EPS) break;
	}
      for (a=0; a<20; ++a) Rtr[b][a] = xnew*Rtr[b][a];
      Rtr[b][b] += (1-xnew);
      if (v>=4) printf("%1c  x =%6.4f  yb=%7.5f = %7.5f  ?\n",i2aa(b),xnew,ynew,FRcons(b,Rtr[b],1));
    }

  // Print maximum values of FRcons for each amino acid b
  if (v>=4) 
    {
      cout<<"\npb[a]  A    R    N    D    C    Q    E    G    H    I    L    K    M    F    P    S    T    W    Y    V\n   ";
      for (a=0; a<20; ++a) 
	{
	  float sum=0.0;
	  for (b=0; b<20; ++b) 
	    sum += Rtr[b][a]*pb[b];
	  printf("%4.1f ",100*sum);
	}
      printf("\n");
    }

  //////////////////////////////////////////////////////////////////////////////////////////////


  //Debugging: probability matrix and dissimilarity matrix 
  if (v>=4) 
    {
      cout<<"Check matrix: before renormalization sum P(a,b)= "<<sumab<<"...\n";//PRINT
      cout<<"      A    R    N    D    C    Q    E    G    H    I    L    K    M    F    P    S    T    W    Y    V\n";
      cout<<"p[] ";
      for (a=0; a<20; a++)  printf("%4.1f ",100*pb[a]);
    }
  cout<<endl;
  if (v>=5) 
    {
      cout<<"\nSubstitution matrix log2( P(a,b)/p(a)/p(b) ) (in bits):\n";
      cout<<"      A    R    N    D    C    Q    E    G    H    I    L    K    M    F    P    S    T    W    Y    V\n";
      for (b=0; b<20; b++)
	{
	  cout<<i2aa(b)<<"   ";
	  for (a=0; a<20; a++)  printf("%4.1f ",log2(P[b][a]/pb[a]/pb[b]));
	  cout<<endl;
	}

      cout<<"\nSum of columns (in bits):\n";
      cout<<i2aa(b)<<"   ";
      for (a=0; a<20; a++)  
	{
	  float sum=0.0f;
	  for (b=0; b<20; b++)
	    sum += 10*pb[b]*log2(P[b][a]/pb[a]/pb[b]);
	  printf("%4.1f ",sum);
	}
      cout<<endl;

      cout<<endl<<"\nOdds matrix P(a,b)/p(a)/p(b):\n";
      cout<<"      A    R    N    D    C    Q    E    G    H    I    L    K    M    F    P    S    T    W    Y    V\n";
      for (b=0; b<20; b++)
	{
	  cout<<i2aa(b)<<"   ";
	  for (a=0; a<20; a++)  printf("%4.1f ",P[b][a]/pb[a]/pb[b]);
	  cout<<endl;
	}
      cout<<endl;
    }
  if (v>=4) 
    {
      cout<<"\nMatrix of conditional probabilities P(a|b) = P(a,b)/p(b) (in %):\n";
      cout<<"      A    R    N    D    C    Q    E    G    H    I    L    K    M    F    P    S    T    W    Y    V\n";
      for (b=0; b<20; b++)
	{
	  cout<<i2aa(b)<<"   ";
	  for (a=0; a<20; a++)  printf("%4.1f ",100*R[b][a]);
	  cout<<endl;
	}
      cout<<endl;

      cout<<"\nMatrix of conditional probabilities adjusted for FRcons:\n";
      cout<<"      A    R    N    D    C    Q    E    G    H    I    L    K    M    F    P    S    T    W    Y    V\n";
      for (a=0; a<20; a++)
	{
	  cout<<i2aa(a)<<"   ";
	  for (b=0; b<20; b++)  printf("%4.1f ",100*Rtr[b][a]);
	  cout<<endl;
	}
      cout<<endl;
    }      
  if (v>=5) 
    {
      cout<<"\nProbability matrix P(a,b) (in %):\n";
      cout<<"      A     R     N     D     C     Q     E     G     H     I     L     K     M     F     P     S     T     W     Y     V\n";
      for (b=0; b<20; b++)
	{
	  cout<<i2aa(b)<<"   ";
	  for (a=0; a<20; a++)  printf("%5.0f ",1000000*P[b][a]);
	  cout<<endl;
	}
      cout<<endl<<"Similarity matrix P(a,b)^2/P(a,a,)/P(b,b) (in %):\n";
      cout<<"      A    R    N    D    C    Q    E    G    H    I    L    K    M    F    P    S    T    W    Y    V\n";
      for (b=0; b<20; b++)
	{
	  cout<<i2aa(b)<<"   ";
	  for (a=0; a<20; a++)  printf("%4.0f ",100*Sim[b][a]);
	  cout<<endl;
	}
      cout<<endl;


    }
}
 
int main()
{
  SetSubstitutionMatrix();
  exit(0);
}
